4294967278,186
4294967279,187
4294967278,184
4294967279,410
4294967279,439
4294967278,306
4294967279,306
4294967279,307
4294967278,368
4294967279,305
4294967278,304
4294967278,303
4294967279,303
4294967278,365
47,6
4294967278,165
47,4
33,2
4294967278,296
4294967278,299
4294967279,479
4294967279,478
4294967278,159
33,6
33,4
4294967294,1019
4294967279,157
4294967278,408
4294967278,407
4294967279,477
4294967279,476
4294967279,296
4294967279,294
4294967278,285
4294967294,392
4294967294,389
4294967294,120
4294967294,114
4294967278,293
44,4
4294967294,1438
4294967294,91
4294967294,90
4294967294,87
4294967294,86
4294967294,84
4294967294,29
4294967294,53
4294967294,45
4294967294,44
4294967278,382
4294967278,283
4294967278,260
4294967279,289
29,5
24,4
24,5
49,4
25,2
59,4
34,4
26,4
26,5
4294967278,288
4294967278,376
25,4
4294967279,422
29,4
5,2
31,2
31,4
31,5
33,5
17,4
4294967279,286
10,2
4294967279,434
47,5
34,8
4294967278,359
4294967279,261
19,2
4294967278,406
38,4
41,5
37,4
4294967279,388
4294967279,253
4294967278,252
4294967279,251
4294967294,1425
4294967294,43
4294967278,131
4294967278,129
4294967278,128
4294967278,127
4294967278,125
4294967278,124
4294967278,123
4294967278,122
4294967278,119
4294967278,113
4294967278,229
4294967278,107
4294967278,105
4294967278,103
4294967278,102
4294967278,101
4294967278,99
4294967278,98
4294967278,97
4294967278,318
4294967278,96
4294967278,93
4294967278,91
4294967278,89
4294967278,87
4294967278,86
4294967278,85
4294967278,80
4294967278,78
4294967278,76
4294967278,75
4294967278,74
4294967278,72
4294967278,71
4294967278,70
4294967278,69
4294967278,66
4294967278,64
4294967278,62
4294967278,61
4294967278,60
4294967278,59
4294967278,54
4294967278,53
4294967278,52
4294967278,51
4294967278,50
4294967278,49
4294967278,48
4294967278,46
4294967278,45
4294967278,309
4294967278,44
4294967278,42
4294967278,41
4294967278,40
4294967278,39
4294967279,304
4294967279,17
4294967279,16
4294967279,12
4294967279,9
4294967279,8
4294967279,5
19,5
4294967294,12
4294967294,1038
4294967294,104
4294967294,106
4294967294,166
4294967294,24
4294967294,160
4294967294,168
4294967294,162
19,4
4294967294,1430
4294967294,439
4294967278,117
4294967294,42
4,3
4294967294,68
4294967294,11
2,4
4,10
4,0
4,9
4,8
4,5
4,7
4,1
4,6
4,2
4294967278,115
30,2
23,4
23,6
23,7
18,8
18,0
4294967279,260
18,7
18,6
18,1
18,5
18,2
4294967278,405
4294967278,114
27,2
18,4
4294967278,112
13,2
7,2
30,5
30,4
27,4
27,5
4294967294,484
4294967279,231
4294967279,229
16,2
9,5
13,6
13,5
13,4
7,9
7,8
7,7
7,6
7,5
7,4
35,2
7,10
16,4
16,5
20,4
20,5
5,6
5,5
5,4
5,7
35,4
35,5
15,4
10,6
10,5
10,4
4294967294,482
14,2
14,4
14,5
4,4
4294967278,374
4294967278,373
150,6
4294967279,205
150,5
150,4
150,3
150,2
150,1
4294967279,199
4294967278,197
4294967279,193
4294967278,310
4294967294,99
4294967278,404
4294967279,186
4294967278,297
4294967279,185
4294967294,1448
4294967294,1449
4294967279,308
4294967279,475
4294967279,183
4294967279,431
4294967278,179
4294967279,177
4294967278,178
147,6
147,5
147,4
147,3
147,2
147,1
4294967279,474
4294967278,403
4294967278,172
4294967278,171
4294967279,172
4294967279,171
4294967279,301
4294967279,170
4294967278,402
4294967279,473
4294967278,166
4294967279,165
4294967279,166
4294967294,1434
4294967279,164
4294967278,162
4294967294,1447
144,4
4294967278,158
144,3
144,2
144,1
4294967279,159
4294967294,503
4294967294,502
4294967278,157
4294967294,5
4294967294,81
4294967279,472
4294967279,428
4294967278,364
4294967278,153
4294967294,1022
4294967294,36
4294967294,39
4294967279,153
4294967278,152
4294967278,130
4294967278,126
4294967278,121
4294967278,120
4294967278,110
4294967278,109
4294967278,108
4294967278,106
4294967278,104
4294967278,100
4294967278,95
4294967278,94
4294967278,90
4294967278,81
4294967278,79
4294967278,77
4294967278,73
4294967278,68
4294967278,65
4294967278,63
4294967278,55
4294967278,47
4294967278,377
4294967278,43
4294967278,37
4294967279,88
4294967279,21
4294967279,10
4294967279,7
4294967279,6
4294967279,4
4294967278,38
4294967279,146
143,6
143,5
143,4
4294967279,147
143,3
143,2
143,1
4294967278,146
4294967279,141
4294967279,140
4294967279,276
4294967279,133
4294967294,1437
4294967294,422
4294967294,969
4294967294,163
4294967294,390
140,5
140,4
4294967278,266
140,3
140,2
140,1
4294967278,265
4294967279,287
139,4
139,3
139,2
139,1
4294967279,265
4294967279,264
138,4
4294967278,261
138,3
138,2
138,1
4294967294,476
137,4
137,3
137,2
137,1
4294967294,501
4294967278,132
4294967294,408
4294967294,169
4294967294,454
4294967294,412
4294967294,486
4294967279,257
136,7
4294967279,417
4294967278,118
4294967279,471
4294967278,255
4294967278,174
4294967278,401
4294967279,390
4294967278,357
4294967279,254
136,6
136,5
136,4
136,3
136,2
136,1
4294967278,245
4294967294,1435
4294967278,116
4294967294,500
4294967279,470
4294967278,111
4294967294,1459
4294967278,92
4294967278,400
4294967279,469
4294967294,393
4294967294,46
4294967294,426
4294967278,211
4294967279,468
4294967279,211
4294967279,433
4294967294,1458
133,6
133,5
133,4
4294967278,205
133,3
133,2
133,1
4294967279,206
4294967279,203
4294967279,467
4294967279,201
4294967278,199
4294967278,84
4294967278,83
4294967278,372
4294967279,197
4294967278,82
4294967279,196
4294967279,195
4294967279,194
4294967278,347
4294967294,1457
4294967279,188
131,6
4294967279,190
131,5
131,4
4294967279,189
131,3
131,2
131,1
4294967279,466
4294967294,1422
4294967279,465
4294967279,0
4294967279,184
4294967278,67
4294967278,369
4294967279,430
4294967294,1456
4294967279,180
4294967279,179
4294967279,178
4294967279,176
4294967279,175
4294967279,173
4294967278,58
4294967278,57
4294967278,367
4294967279,429
4294967294,7
4294967278,56
4294967278,366
4294967279,169
4294967279,168
4294967279,167
4294967278,341
4294967294,1455
4294967279,161
128,6
4294967279,163
128,5
4294967278,161
128,4
4294967279,162
128,3
128,2
128,1
4294967279,155
4294967279,400
4294967294,1
4294967294,1454
4294967294,1424
4294967294,107
4294967294,2
4294967294,0
4294967278,0
0,7
4294967294,17
4294967294,76
4294967294,41
4294967278,362
